uniform
0.590
0.288
0.373
0.319
0.673
0.831
0.666
0.185
0.251
0.685
0.658
0.738
0.771
0.351
0.902
0.076
0.923
0.557
0.533
0.099
0.856
0.177
0.225
0.953
0.528
0.203
0.162
0.887
0.993
0.050
0.833
0.286
0.801
0.863
0.568
0.127
0.236
0.783
0.606
0.259
0.110
0.947
0.521
0.032
0.293
0.237
0.047
0.691
0.803
0.233
0.342
0.256
0.117
0.067
0.845
0.681
0.017
0.212
0.192
0.937
0.420
0.632
0.983
0.921
0.452
0.534
0.177
0.645
0.293
0.709
0.249
0.435
0.757
0.346
0.613
0.093
0.526
0.869
0.218
0.394
0.130
0.243
0.082
0.610
0.766
0.519
0.685
0.936
0.263
0.738
0.930
0.279
0.101
0.496
0.189
0.765
0.776
0.522
0.239
0.010
0.961
0.580
0.416
0.887
0.534
0.939
0.115
0.602
0.960
0.324
0.862
0.732
0.448
0.525
0.200
0.188
0.698
0.281
0.322
0.878
0.450
0.578
0.361
0.310
0.462
0.759
0.689
0.189
0.110
0.007
0.550
0.558
0.375
0.270
0.932
0.775
0.415
0.453
0.722
0.537
0.214
0.104
0.541
0.725
0.137
0.599
0.921
0.984
0.862
0.095
0.070
0.897
0.743
0.428
0.421
0.771
0.023
0.077
0.692
0.891
0.079
0.883
0.056
0.549
0.761
0.692
0.978
0.431
0.926
0.809
0.509
0.236
0.611
0.424
0.013
0.087
0.673
0.824
0.729
0.828
0.185
0.566
0.327
0.302
0.777
0.583
0.873
0.287
0.698
0.521
0.128
0.413
0.972
0.088
0.190
0.421
0.850
0.506
0.719
0.891
0.010
